438.131	
695.339	
979.992	
1280.58	
1571.98	
1836.24	
2064.11	
2252.19	
2401.01	
2513.59	
2594.42	
2648.68	
2681.51	
2697.56	
2700.78	
2694.43	
2681.13	
2663	
2641.66	
2618.35	
2593.95	
2569.08	
2544.17	
2519.52	
2495.37	
2472.06	
2450.13	
2430.46	
2414.52	
2404.12	
2402.32	
2412.2	
2436.36	
2474.45	
2520.43	
2561.71	
2585.1	
2587.98	
2580.02	
2572.25	
2570.87	
2579.02	
2597.77	
2626.65	
2663.78	
2706.46	
2751.98	
2798.09	
2843.26	
2886.54	
2927.58	
2966.14	
3002.19	
3035.8	
3066.83	
3095.45	
3121.6	
3145.31	
3166.62	
3185.5	
3202.12	
3216.5	
3228.74	
3238.95	
3247.27	
3253.91	
3258.85	
3262.34	
3264.52	
3265.5	
3265.43	
3264.45	
3262.67	
3260.22	
3257.21	
3253.73	
3249.9	
3245.8	
3241.51	
3237.12	
3232.68	
3228.27	
3223.94	
3219.74	
3215.71	
3211.87	
3208.28	
3204.94	
3201.88	
3199.11	
3196.62	
3194.45	
3192.58	
3191.01	
3189.72	
3188.74	
3188	
3187.52	
3187.27	
3187.26	
3187.45	
3187.81	
3188.35	
3189.03	
3189.84	
3190.75	
3191.76	
3192.84	
3193.98	
3195.15	
3196.34	
3197.54	
3198.72	
3199.91	
3200.98	
3202.01	
3202.96	
3203.79	
3204.5	
3205.05	
3205.45	
3205.66	
3205.67	
3205.47	
3205.01	
3204.34	
3203.42	
3202.25	
3200.84	
3199.19	
3197.29	
3195.16	
3192.82	
3190.26	
3187.51	
3184.59	
3181.51	
3178.3	
3174.97	
3171.54	
3168.03	
3164.46	
3160.85	
3157.22	
3153.59	
3149.98	
3146.39	
3142.84	
3139.35	
3135.93	
3132.59	
3129.33	
3126.17	
3123.1	
3120.14	
3117.3	
3114.63	
3111.92	
3109.4	
3106.99	
3104.68	
3102.42	
3100.39	
3098.39	
3096.46	
3094.63	
3092.8	
3091.3	
3089.56	
3087.94	
3086.43	
3084.95	
3083.52	
3082.12	
3080.76	
3079.44	
3078.15	
3076.89	
3075.67	
3074.48	
3073.34	
3072.25	
3071.2	
3070.22	
3069.3	
3068.45	
3067.68	
3066.99	
3066.41	
3065.92	
3065.54	
3065.28	
3065.14	
3065.14	
3065.26	
3065.52	
3065.92	
3066.47	
3067.16	
3068	
3068.98	
3070.12	
3071.38	
3072.8	
3074.34	
3076.01	
3077.81	
3079.72	
3081.74	
3083.87	
3086.08	
3088.37	
3090.73	
3093.15	
3095.61	
3098.11	
3100.63	
3103.16	
3105.69	
3108.21	
3110.7	
3113.17	
3115.6	
3117.99	
3120.33	
3122.62	
3124.85	
3127.04	
3129.17	
3131.26	
3133.31	
3135.33	
3137.32	
3139.29	
3141.26	
3143.21	
3145.22	
3147.24	
3149.3	
3151.41	
3153.59	
3155.86	
3158.2	
3160.65	
3163.21	
3165.9	
3168.71	
3171.66	
3174.77	
3178.02	
3181.42	
3184.98	
3188.7	
3192.57	
3196.59	
3200.77	
3205.1	
3209.56	
3214.16	
3218.89	
3223.73	
3228.68	
3233.73	
3238.87	
3244.09	
3249.37	
3254.72	
3260.11	
3265.54	
3270.99	
3276.47	
3281.94	
3287.41	
3292.86	
3298.28	
3303.66	
3308.98	
3314.23	
3319.41	
3324.48	
3329.45	
3334.28	
3338.98	
3343.51	
3347.88	
3352.05	
3356.01	
3359.76	
3363.28	
3366.54	
3369.56	
3372.26	
3374.77	
3376.96	
3378.87	
3380.49	
3381.83	
3382.9	
3383.7	
3384.24	
3384.51	
3384.6	
3384.45	
3384.11	
3383.58	
3382.9	
3382.08	
3381.14	
3380.1	
3378.97	
3377.79	
3376.55	
3375.29	
3374.02	
3372.76	
3371.54	
3370.32	
3369.18	
3368.13	
3367.19	
3366.36	
3365.75	
3365.07	
3364.64	
3364.35	
3364.18	
3364.16	
3364.15	
3364.24	
3364.48	
3364.41	
3364.48	
3364.41	
3364.17	
3363.76	
3363.1	
3362.17	
3360.92	
3359.32	
3357.35	
3354.99	
3352.22	
3349.01	
3345.36	
3341.38	
3336.7	
3331.67	
3326.15	
3320.14	
3313.63	
3306.17	
3298.99	
3290.68	
3282.19	
3272.72	
3262.94	
3252.45	
3241.16	
3229.29	
3216.73	
3203.47	
3189.51	
3174.85	
3159.5	
3143.5	
3126.89	
3109.6	
3091.8	
3073.5	
3054.76	
3035.64	
3016.22	
2996.56	
2976.72	
2956.8	
2936.84	
2916.9	
2897.04	
2877.3	
2857.73	
2838.37	
2819.23	
2800.35	
2781.72	
2763.35	
2745.28	
2727.46	
2709.89	
2692.54	
2675.42	
2658.47	
2641.66	
2624.96	
2608.31	
2591.65	
2574.94	
2558.11	
2541.08	
2523.79	
2506.15	
2488.08	
2469.52	
2450.37	
2430.55	
2409.99	
2388.63	
2366.39	
2343.22	
2319.08	
2293.93	
2267.77	
2240.57	
2212.36	
2183.15	
2152.93	
2121.94	
2090.06	
2057.42	
2024.09	
1990.18	
1955.72	
1920.85	
1885.57	
1849.91	
1813.91	
1777.46	
1740.61	
1703.19	
1665.13	
1626.41	
1586.98	
1547	
1506.67	
1466.11	
1425.53	
1385.14	
1345.01	
1305.21	
1266.28	
1228.66	
1193.15	
1160.21	
1130.08	
1102.86	
1078.36	
1056.37	
1036.55	
1018.68	
1003	
987.621	
974.054	
961.583	
950.065	
939.419	
929.561	
920.426	
911.919	
904.137	
896.904	
890.246	
884.222	
878.563	
873.562	
868.916	
864.813	
861.153	
857.93	
855.236	
852.845	
850.803	
849.284	
848.05	
847.173	
846.615	
846.474	
846.573	
846.956	
847.685	
848.677	
849.983	
851.572	
853.395	
855.488	
857.874	
860.52	
863.453	
866.625	
870.097	
873.852	
877.903	
882.283	
887.001	
892.108	
897.627	
903.613	
910.123	
917.225	
925	
933.533	
942.924	
953.279	
964.708	
977.32	
991.226	
1006.52	
33.9733	
23.1839	
54.6116	
111.796	
203.599	
337.847	
519.538	
742.832	
985.91	
1220.71	
1435.25	
1640.26	
1839.92	
2022.66	
2176.21	
2296.24	
2384.77	
2446.3	
2487.04	
2511.42	
2522.95	
2525.7	
2522.14	
2513.94	
2503.4	
2490.6	
2477.1	
2463.1	
2449.62	
2436.4	
2424.11	
2411.97	
2401.38	
2391.21	
2381.9	
2373.68	
2366.45	
2360.21	
2354.99	
2350.78	
2347.61	
2345.46	
2344.32	
2344.19	
2345.03	
2346.89	
2349.67	
2353.39	
2358.01	
2363.54	
2369.96	
2377.26	
2385.43	
2394.48	
2404.41	
2415.2	
2426.84	
2439.34	
2452.66	
2466.77	
2481.69	
2497.42	
2513.64	
2530.65	
2548.32	
2566.3	
2584.86	
2603.87	
2623.1	
2642.71	
2662.47	
2682.39	
2702.33	
2722.36	
2742.33	
2762.29	
2782.18	
2801.98	
2821.69	
2841.3	
2860.81	
2880.23	
2899.57	
2918.81	
2937.98	
2957.06	
2976.04	
2994.9	
3013.64	
3032.21	
3050.56	
3068.65	
3086.44	
3103.85	
3120.84	
3137.33	
3153.28	
3168.61	
3183.27	
3197.22	
3210.41	
3222.79	
3234.36	
3245.07	
3254.92	
3263.92	
3272.04	
3279.34	
3285.82	
3291.51	
3296.45	
3300.68	
3304.24	
3307.16	
3309.47	
3311.19	
3312.38	
3313.01	
3313.1	
3312.65	
3311.65	
3310.11	
3308.02	
3305.38	
3302.2	
3298.49	
3294.26	
3289.59	
3284.46	
3278.95	
3273.11	
3267.02	
3260.73	
3254.35	
3247.95	
3241.63	
3235.48	
3229.61	
3224.11	
3219.09	
3214.63	
3210.83	
3207.74	
3205.4	
3203.8	
3202.86	
3202.46	
3202.4	
3202.4	
3202.04	
3201.08	
3199.08	
3195.74	
3190.88	
3184.31	
3175.97	
3165.96	
3154.39	
3141.47	
3127.17	
3111.74	
3095.25	
3077.86	
3059.63	
3040.68	
3021.06	
3000.85	
2980.09	
2958.87	
2937.26	
2915.35	
2893.29	
2871.21	
2849.35	
2827.96	
2807.38	
2787.98	
2770.18	
2754.24	
2740.38	
2728.65	
2718.92	
2710.97	
2704.64	
2699.47	
2695.54	
2692.57	
2690.44	
2689.02	
2688.2	
2687.86	
2687.84	
2688.05	
2688.39	
2688.73	
2689	
2689.13	
2689.07	
2688.77	
2688.26	
2687.42	
2686.38	
2685.13	
2683.68	
2682.07	
2680.38	
2678.63	
2676.89	
2675.21	
2673.66	
2672.27	
2671.11	
2670.22	
2669.65	
2669.44	
2669.6	
2670.18	
2671.19	
2672.65	
2674.55	
2676.92	
2679.66	
2682.85	
2686.43	
2690.37	
2694.62	
2699.13	
2703.86	
2708.74	
2713.68	
2718.63	
2723.49	
2728.17	
2732.58	
2736.61	
2740.17	
2743.14	
2745.4	
2746.85	
2747.38	
2746.86	
2745.2	
2742.24	
2737.9	
2732.07	
2724.66	
2715.6	
2704.85	
2692.38	
2678.21	
2662.41	
2645.08	
2626.37	
2606.46	
2585.57	
2563.89	
2541.64	
2519.01	
2496.14	
2473.16	
2450.18	
2427.26	
2404.51	
2382	
2359.85	
2338.18	
2317.1	
2296.85	
2277.46	
2259.1	
2242.01	
2226.14	
2211.59	
2198.51	
2186.38	
2175.4	
2165.84	
2157.04	
2148.91	
2141.41	
2134.11	
2127.07	
2119.85	
2112.42	
2104.53	
2096.09	
2086.92	
2076.95	
2066.09	
2054.25	
2041.39	
2027.46	
2012.45	
1996.33	
1978.87	
1960.94	
1941.79	
1921.85	
1901.31	
1880.41	
1859.47	
1838.83	
1818.91	
1800.15	
1782.99	
1767.88	
1755.25	
1745.48	
1738.87	
1735.68	
1736.04	
1739.98	
1747.51	
1758.34	
1772.43	
1789.51	
1809.33	
1831.65	
1856.25	
1882.92	
1911.45	
1941.66	
1973.33	
2006.22	
2040.07	
2074.58	
2109.43	
2144.28	
2178.88	
2213.06	
2246.81	
2280.33	
2314.04	
2348.55	
2384.52	
2422.6	
2463.28	
2506.77	
2552.97	
2601.47	
2651.62	
2702.56	
2753.34	
2803.02	
2850.65	
2895.42	
2936.64	
2973.74	
3006.33	
3034.23	
3057.36	
3075.6	
3089.22	
3098.56	
3103.8	
3105.55	
3104.14	
3100.14	
3094	
3086.6	
3078.14	
3068.92	
3059.41	
3050.38	
3041.53	
3033.17	
3025.35	
3018.33	
3011.84	
3005.92	
3000.48	
2995.39	
2990.51	
2985.61	
2980.43	
2974.62	
1458.94	
1660.69	
1852.39	
2027.93	
2184.34	
2320.33	
2436.32	
2533.61	
2614.38	
2681.09	
2736.09	
2781.46	
2818.92	
2849.88	
2875.18	
2895.79	
2912.29	
2925.16	
2934.76	
2941.58	
2945.95	
2948.2	
2948.68	
2947.68	
2945.5	
2942.39	
2938.62	
2934.38	
2929.85	
2925.32	
2920.83	
2916.55	
2912.62	
2909.14	
2906.24	
2903.98	
2902.46	
2901.76	
2901.95	
2903.08	
2905.2	
2908.37	
2912.6	
2917.92	
2924.34	
2931.85	
2940.46	
2950.14	
2960.87	
2972.61	
2985.31	
2998.95	
3013.45	
3028.77	
3044.78	
3061.5	
3079.06	
3097.09	
3115.64	
3134.71	
3154.24	
3174.14	
3194.94	
3215.27	
3236.36	
3257.78	
3279.52	
3301.52	
3323.77	
3346.14	
3368.53	
3390.78	
3412.68	
3433.92	
3454.42	
3473.66	
3491.39	
3507.28	
3521.02	
3532.31	
3540.89	
3546.58	
3549.15	
3548.52	
3544.61	
3537.35	
3526.76	
3512.8	
3495.79	
3475.64	
3452.59	
3426.82	
3398.45	
3367.65	
3334.97	
3300.69	
3264.8	
3228	
3190.44	
3152.6	
3114.71	
3077.15	
3040.26	
3004.29	
2969.6	
2936.4	
2904.94	
2875.4	
2847.93	
2822.64	
2799.51	
2778.61	
2759.94	
2743.19	
2728.21	
2715.51	
2704.27	
2694.73	
2686.65	
2680.04	
2674.73	
2670.62	
2667.58	
2665.44	
2664.04	
2663.19	
2662.7	
2662.36	
2662	
2661.42	
2660.5	
2659.11	
2657.18	
2654.68	
2651.63	
2648.1	
2644.18	
2640	
2635.7	
2631.39	
2627.17	
2623.09	
2619.15	
2615.31	
2611.36	
2606.96	
2602.23	
2596.69	
2590.44	
2583.89	
2577.88	
2573.68	
2572.67	
2575.85	
2583.51	
2595.25	
2610.2	
2627.44	
2646.23	
2666.12	
2686.92	
2708.6	
2731.25	
2755.02	
2779.98	
2806.22	
2833.73	
2862.44	
2892.24	
2922.96	
2954.38	
2986.26	
3018.32	
3050.25	
3081.72	
3112.39	
3141.88	
3169.96	
3196	
3219.97	
3241.35	
3260.41	
3276.55	
3289.73	
3299.94	
3307.13	
3311.38	
3312.71	
3311.26	
3307.12	
3300.49	
3291.44	
3280.28	
3267.17	
3252.22	
3235.73	
3217.83	
3198.85	
3178.97	
3158.4	
3137.37	
3116.11	
3094.82	
3073.7	
3052.97	
3032.8	
3013.39	
2994.85	
2977.35	
2961.01	
2945.9	
2932.14	
2919.76	
2908.82	
2899.32	
2891.31	
2884.74	
2879.6	
2875.85	
2873.45	
2872.34	
2872.46	
2873.76	
2876.16	
2879.61	
2884.06	
2889.45	
2895.73	
2902.88	
2910.84	
2919.58	
2929.04	
2939.19	
2949.85	
2961.05	
2972.2	
2984.18	
2995.98	
3007.67	
3019.14	
3030.37	
3041.2	
3051.58	
3061.57	
3071.12	
3080.34	
3089.25	
3098	
3106.65	
3115.3	
3124.17	
3133.22	
3142.54	
3152.16	
3162.17	
3172.47	
3183.08	
3193.97	
3205.05	
3216.3	
3227.64	
3239.04	
3250.42	
3261.82	
3273.02	
3284.16	
3295.07	
3305.71	
3316.05	
3326	
3335.49	
3344.45	
3352.76	
3360.48	
3367.07	
3372.98	
3377.82	
3381.55	
3384.1	
3385.38	
3385.35	
3383.96	
3381.21	
3377.09	
3371.64	
3364.92	
3357.05	
3348.05	
3338.09	
3327.44	
3316.19	
3304.57	
3292.8	
3281.1	
3269.71	
3258.76	
3248.61	
3239.21	
3230.69	
3223.07	
3216.31	
3210.37	
3205.11	
3200.42	
3196.18	
3192.3	
3188.69	
3185.29	
3182.07	
3179	
3176.08	
3173.33	
3170.74	
3168.33	
3166.13	
3164.16	
3162.43	
3160.97	
3159.8	
3158.94	
3158.43	
3158.28	
3158.51	
3159.14	
3160.18	
3161.64	
3163.51	
3165.79	
3168.43	
3171.41	
3174.66	
3178.09	
3181.59	
3184.97	
3188.11	
3190.75	
3192.71	
3193.81	
3193.93	
3193	
3191.13	
3188.48	
3185.29	
3181.79	
3178.21	
75.2429	
114.101	
155.561	
192.074	
228.13	
264.715	
299.789	
330.811	
357.928	
384.842	
416.971	
459.243	
514.666	
583.379	
663.092	
749.503	
837.473	
922.726	
1001.78	
1072.89	
1135.45	
1189.7	
1236.29	
1276.09	
1309.98	
1338.83	
1363.41	
1384.48	
1402.67	
1418.56	
1432.64	
1445.36	
1457.1	
1468.16	
1478.83	
1489.33	
1499.86	
1510.57	
1521.59	
1533.04	
1545	
1557.54	
1570.69	
1584.52	
1599.02	
1614.22	
1630.09	
1646.63	
1663.8	
1681.57	
1699.89	
1718.69	
1737.93	
1757.53	
1777.43	
1797.56	
1817.84	
1838.22	
1858.56	
1879.03	
1899.34	
1919.56	
1939.65	
1959.58	
1979.34	
1998.92	
2018.31	
2037.53	
2056.56	
2075.42	
2094.19	
2112.73	
2131.12	
2149.32	
2167.27	
2185.03	
2202.57	
2219.89	
2237	
2253.92	
2270.68	
2287.35	
2303.99	
2320.6	
2337.28	
2354.07	
2370.99	
2388.07	
2405.35	
2422.82	
2440.4	
2458.2	
2476.15	
2494.22	
2512.37	
2530.55	
2548.6	
2566.47	
2583.95	
2600.87	
2616.92	
2631.8	
2645.13	
2656.59	
2666.18	
2672.84	
2677.22	
2679.14	
2679.01	
2677.34	
2674.95	
2672.69	
2671.42	
2671.83	
2674.5	
2679.68	
2687.39	
2697.45	
2709.44	
2722.86	
2737.15	
2751.69	
2765.98	
2779.53	
2791.98	
2803.05	
2812.56	
2820.43	
2826.64	
2831.24	
2834.33	
2835.96	
2836.33	
2835.58	
2833.69	
2830.87	
2827.27	
2822.98	
2818.02	
2812.49	
2806.48	
2800.01	
2793.13	
2785.87	
2778.24	
2770.27	
2761.97	
2753.33	
2744.36	
2735.06	
2725.42	
2715.44	
2705.11	
2694.43	
2683.39	
2672	
2660.26	
2648.16	
2635.73	
2622.98	
2609.91	
2596.54	
2582.88	
2568.93	
2554.67	
2540.1	
2525.15	
2509.75	
2493.84	
2477.32	
2460.13	
2442.23	
2423.61	
2404.34	
2384.5	
2364.19	
2343.52	
2322.65	
2301.67	
2280.63	
2259.63	
2238.73	
2217.98	
2197.41	
2177.11	
2156.96	
2137.11	
2117.5	
2098.12	
2078.95	
2060.02	
2041.22	
2022.64	
2004.15	
1985.81	
1967.6	
1949.52	
1931.56	
1913.79	
1896.21	
1878.82	
1861.69	
1844.84	
1828.3	
1812.11	
1796.31	
1780.92	
1765.98	
1751.51	
1737.53	
1724.07	
1711.14	
1698.69	
1686.9	
1675.61	
1664.87	
1654.68	
1645.03	
1635.92	
1627.32	
1619.19	
1611.63	
1604.5	
1597.82	
1591.6	
1585.8	
1580.43	
1575.48	
1570.95	
1566.85	
1563.19	
1559.99	
1557.27	
1555.06	
1553.39	
1552.29	
1551.78	
1551.91	
1552.68	
1554.13	
1556.26	
1559.08	
1562.58	
1566.76	
1571.61	
1577.09	
1583.18	
1589.87	
1597.13	
1605.43	
1613.25	
1622.11	
1631.48	
1641.37	
1651.78	
1662.73	
1674.22	
1686.29	
1698.94	
1712.21	
1726.1	
1740.62	
1755.8	
1771.64	
1788.12	
1805.25	
1822.99	
1841.32	
1860.19	
1879.54	
1899.3	
1919.37	
1939.67	
1960.07	
1980.47	
2000.74	
2020.76	
2040.42	
2059.59	
2078.2	
2096.14	
2113.37	
2129.84	
2145.51	
2160.37	
2174.43	
2187.75	
2200.16	
2211.84	
2222.78	
2232.94	
2242.36	
2251.03	
2258.92	
2266.03	
2272.35	
2277.8	
2282.49	
2286.24	
2289.23	
2291.22	
2292.37	
2292.69	
2292.18	
2290.9	
2288.94	
2286.35	
2283.22	
2279.67	
2275.79	
2271.7	
2267.46	
2263.15	
2258.8	
2254.39	
2249.89	
2245.15	
2240.09	
2234.49	
2228.17	
2221	
2212.83	
2203.61	
2193.32	
2182.04	
2169.84	
2156.85	
2143.23	
2129.11	
2114.64	
2099.96	
2085.18	
2070.43	
2055.79	
2041.36	
2027.2	
2013.96	
1999.93	
1986.94	
1974.29	
1962.22	
1950.59	
1939.44	
1928.71	
1918.5	
1908.68	
1899.24	
1890.15	
1881.4	
1872.93	
1864.67	
1856.6	
1848.62	
1840.7	
1832.79	
1824.76	
1816.62	
1808.28	
1799.49	
1790.58	
1781.1	
1771.12	
1760.54	
1749.41	
1737.32	
1724.59	
1711.52	
1696.5	
1680.78	
1664.54	
1647.64	
1629.56	
1608.97	
1590.66	
1570.96	
1550.3	
1529.61	
1508.91	
1488.05	
1468.62	
1449.4	
1431.12	
1414.22	
1399.09	
1385.85	
1374.7	
1365.77	
1359.06	
1354.49	
1351.87	
1350.91	
1351.25	
1352.47	
1354.14	
1355.87	
1357.31	
1358.22	
1358.44	
1357.87	
1356.62	
1354.46	
1351.77	
1348.57	
1345	
1341.19	
1337.21	
1333.23	
1329.3	
1325.53	
1321.95	
1318.66	
1315.71	
1313.13	
1310.98	
1309.3	
1308.13	
1307.49	
1307.44	
1308.01	
1309.21	
1311.1	
1313.67	
1316.99	
1321.06	
1325.91	
1331.55	
1337.99	
1345.24	
1353.33	
1362.23	
1371.97	
1382.54	
1393.9	
1406.1	
1419.04	
1432.69	
1446.96	
1461.69	
1476.64	
1491.51	
1505.93	
1519.54	
1532	
1543.34	
1553.43	
1562.51	
1570.83	
1578.7	
1586.34	
1593.96	
1601.68	
1609.6	
1617.79	
1626.29	
1635.15	
1644.42	
1654.15	
1664.39	
1675.16	
1686.53	
1698.52	
1711.15	
1724.41	
1738.5	
1753.26	
1768.68	
1784.79	
1801.57	
1818.97	
1836.93	
1855.37	
1874.21	
1893.33	
1912.64	
1932.05	
1951.43	
1970.69	
1989.75	
2008.56	
2027.02	
2045.13	
2062.85	
2080.19	
2097.14	
2113.71	
2129.92	
2145.79	
2161.34	
2176.58	
2191.55	
2206.26	
2220.73	
2234.98	
2249.04	
2262.9	
2276.63	
2290.16	
2303.59	
2316.91	
2330.16	
2343.35	
2356.52	
2369.68	
2382.84	
2396.02	
2409.22	
2422.44	
2435.61	
2448.68	
2461.57	
2474.17	
2486.26	
2497.69	
2508.23	
2517.34	
2524.76	
2529.85	
2531.79	
2529.54	
2521.73	
2506.8	
2482.82	
2447.96	
2400.67	
2340.08	
2266.38	
2181.05	
2086.95	
1988.11	
1889.31	
1795.57	
1711.17	
1639.54	
1582.41	
1539.94	
1510.99	
1493.64	
1485.36	
1483.78	
1113.58	
1203.54	
1331.54	
1451.64	
1561.98	
1661.56	
1750.47	
1829.25	
1898.79	
1960	
2013.97	
2061.59	
2103.81	
2141.38	
2174.93	
2205.75	
2233.57	
2260.48	
2284.76	
2308.94	
2333.83	
2358.34	
2384.75	
2412.38	
2442.89	
2473.83	
2504.25	
2532.66	
2557.26	
2575.72	
2590.35	
2601.68	
2608.57	
2615.51	
2621.37	
2627.44	
2634.03	
2641.8	
2650.53	
2660.23	
2670.84	
2682.17	
2694.34	
2707.21	
2720.88	
2735.63	
2751.79	
2769.72	
2789.82	
2812.42	
2837.72	
2865.67	
2896.28	
2928.99	
2963.26	
2998.45	
3033.66	
3068.16	
3101.07	
3131.65	
3159.2	
3183.18	
3203.38	
3218.78	
3229.91	
3236.44	
3238.42	
3235.96	
3229.27	
3218.59	
3204.24	
3186.55	
3165.89	
3142.62	
3117.12	
3089.76	
3060.88	
3030.82	
2999.91	
2968.4	
2936.58	
2904.66	
2872.89	
2841.36	
2810.28	
2779.75	
2749.84	
2720.68	
2692.25	
2664.55	
2637.83	
2611.73	
2586.51	
2562.07	
2538.46	
2515.66	
2493.72	
2472.61	
2452.4	
2432.95	
2414.44	
2396.8	
2380.02	
2364.1	
2348.99	
2334.67	
2321.08	
2308.2	
2295.98	
2284.41	
2273.48	
2263.2	
2253.62	
2244.79	
2236.78	
2229.71	
2223.67	
2218.79	
2214.95	
2212.78	
2211.78	
2212.12	
2213.77	
2216.65	
2220.63	
2225.56	
2231.26	
2237.49	
2244.01	
2250.55	
2256.84	
2262.62	
2267.6	
2271.51	
2274.17	
2275.39	
2275.08	
2273.2	
2269.83	
2265.13	
2259.33	
2252.76	
2245.84	
2238.99	
2232.63	
2227.08	
2222.7	
2219.63	
2218.12	
2218.03	
2219.36	
2221.95	
2225.65	
2230.26	
2235.59	
2241.46	
2247.71	
2254.22	
2260.86	
2267.56	
2274.24	
2280.87	
2287.42	
2293.88	
2300.27	
2306.62	
2313.08	
2319.39	
2325.97	
2332.84	
2340.12	
2347.96	
2356.54	
2366.03	
2376.57	
2388.31	
2401.3	
2415.5	
2430.72	
2446.56	
2462.44	
2477.62	
2491.36	
2503.14	
2512.79	
2520.56	
2527	
2532.77	
2538.48	
2544.57	
2551.28	
2558.68	
2566.72	
2575.23	
2584.3	
2593.54	
2602.88	
2612.14	
2621.16	
2629.77	
2637.82	
2645.15	
2651.65	
2657.24	
2661.85	
2665.44	
2668	
2669.55	
2670.09	
2669.69	
2668.4	
2666.26	
2663.34	
2659.68	
2655.34	
2650.32	
2644.65	
2638.27	
2631.13	
2623.08	
2613.95	
2603.58	
2591.68	
2578.11	
2562.74	
2545.54	
2526.79	
2506.74	
2486.23	
2466.19	
2447.72	
2431.88	
2419.28	
2409.8	
2402.43	
2395.58	
2387.95	
2378.83	
2367.27	
2355.28	
2343.21	
2331.16	
2319.16	
2308.68	
2298.01	
2287.69	
2277.44	
2267.04	
2256.38	
2245.17	
2233.22	
2220.35	
2206.39	
2190.93	
2173.84	
2154.45	
2134.8	
2111.61	
2086.78	
2059.97	
2033.32	
2001.53	
1968.79	
1934.56	
1899.79	
1864.76	
1831.11	
1800.02	
1772.58	
1750.56	
1734.7	
1725.27	
1722.1	
1723.84	
1729.01	
1736.04	
1743.64	
1750.91	
1757.36	
1762.79	
1767.21	
1770.74	
1773.55	
1775.84	
1777.95	
1779.53	
1781.24	
1783.01	
1784.96	
1787.09	
1789.43	
1791.76	
1793.68	
1794.55	
1793.44	
1789.38	
1781.6	
1769.83	
1754.73	
1737.71	
1720.61	
1705.33	
1693.36	
1685.54	
1682.31	
1683.54	
1688.53	
1696.73	
1707.44	
1719.97	
1733.7	
1748.1	
1762.71	
1777.14	
1791.1	
1804.36	
1816.76	
1828.18	
1838.53	
1847.83	
1856.06	
1863.21	
1869.27	
1874.45	
1878.6	
1881.83	
1884.12	
1885.51	
1885.97	
1885.46	
1884	
1881.47	
1877.86	
1873.51	
1868.08	
1861.53	
1854.25	
1846.07	
1837.49	
1828.63	
1819.79	
1811.3	
1803.31	
1796.2	
1790.23	
1785.75	
1782.56	
1780.83	
1780.78	
1782.29	
1785.29	
1789.68	
1795.33	
1802.12	
1809.89	
1818.47	
1827.67	
1837.29	
1847.11	
1856.85	
1866.25	
1874.97	
1882.67	
1888.97	
1893.5	
1895.86	
1895.69	
1892.65	
1886.48	
1877.05	
1864.23	
1848.22	
1829.3	
1807.97	
1784.87	
1760.79	
1736.59	
1713.22	
1691.47	
1672.07	
1655.58	
1642.38	
1632.64	
1626.59	
1623.37	
1623.44	
1626.18	
1631.2	
1638.12	
1646.54	
1656.12	
1666.57	
1677.67	
1689.24	
1701.24	
1713.55	
1726.2	
1739.17	
1752.51	
1766.21	
1780.3	
1794.78	
1809.67	
1824.93	
1840.57	
1856.56	
1872.88	
1889.5	
1906.42	
